{
    "accuracy": 0.9349593495934959,
    "precision": 0.9908256880733946,
    "recall": 0.8780487804878049,
    "auc": 0.9774605063123801
}